46
48
54
53
44
46
49
54
51
46
0
52
50
56
54
45
55
58
54
50
51
53
57
49
59
55
54
53
54
0
58
55
52
56
51
48
51
51
59
66
64
59
50
59
0
60
52
56
48
53
59
61
55
58
63
58
57
62
61
56
55
57
57
51
57
0
58
56
64
54
56
67
70
57
58
57
65
64
54
56
65
51
59
63
65
61
56
56
58
60
58
70
56
63
55
59
66
0
0
58
61
60
63
66
65
63
69
64
64
64
57
68
62
65
68
67
63
63
0
71
67
61
65
72
63
66
62
66
0
70
63
62
0
65
61
68
66
66
63
63
64
73
65
67
72
64
72
71
69
67
74
0
69
66
63
64
70
69
66
71
69
71
70
67
67
67
0
72
67
73
64
66
63
76
68
63
69
71
79
69
72
69
71
69
68
78
73
74
76
0
71
69
74
68
75
78
74
75
75
0
76
77
73
0
69
76
75
78
71
76
74
73
75
0
80
74
78
0
85
75
74
77
75
0
75
74
82
78
81
76
84
79
75
78
81
0
80
0
83
76
75
74
0
75
84
79
77
77
76
0
83
79
0
75
88
